version https://git-lfs.github.com/spec/v1
oid sha256:4f8b451b0647470f9cca30ef8e1adb3aed67c3ff54198663d13f399f1b0c4b88
size 68117277
